19
622|1|23.5.1900|622|435|34|42|76
403|1|3.6.1904|403|250|28|34|62
123|1|12.11.1952|123|986|28|25|53
306|1|24.7.1922|306|380|27|20|47
47|1|13.7.1949|47|706|30|48|78
815|1|26.5.1979|815|709|24|37|61
503|1|12.10.1951|503|195|41|26|67
716|3|18.5.1940|716|640|36|37|73
73|3|4.2.2097|73|202|46|44|90
935|3|27.11.1983|935|92|39|43|82
530|3|16.9.2069|530|463|35|24|59
490|3|17.11.1977|490|51|35|47|82
928|3|22.9.2082|928|469|24|39|63
859|3|8.5.1943|859|443|25|45|70
806|3|15.11.2007|806|42|24|38|62
397|2|26.5.2048|397|863|24|48|72
941|2|12.1.2087|941|260|33|30|63
651|2|5.4.1915|651|176|42|40|82
71|2|19.1.1965|71|385|42|47|89
